1
266
1
265
1
123
1
273
1
59
1
109
1
166
1
10
1
294
1
124
1
294
1
17
1
42
1
263
1
224
1
27
1
32
1
130
1
73
1
51
1
256
1
54
2
101
2
23
2
203
2
183
2
172
2
135
2
195
2
245
2
275
2
241
2
247
2
52
2
150
3
30
3
110
3
241
3
260
3
65
3
40
3
195
3
154
3
47
3
97
3
278
3
9
3
19
3
183
3
177
3
122
3
242
3
206
3
35
3
36
3
158
4
113
4
208
4
28
4
103
4
165
4
207
4
65
4
34
4
103
4
57
4
243
4
127
4
156
4
2
4
57
4
233
4
222
4
179
4
1
4
227
5
275
5
119
5
290
5
128
5
135
5
169
5
107
5
193
5
248
5
189
5
251
5
228
5
193
5
137
5
276
5
157
5
242
6
172
6
35
6
265
6
216
6
88
6
14
6
19
6
141
6
48
6
181
6
50
6
236
6
277
6
174
6
161
6
241
6
54
7
288
7
230
7
127
7
267
7
65
7
279
7
181
7
96
7
288
7
100
7
109
7
183
7
285
7
294
7
82
7
281
7
3
7
123
7
70
7
84
7
299
7
286
7
100
7
284
7
255
7
268
7
125
7
38
7
191
8
68
8
178
8
105
8
109
8
196
8
151
8
120
8
240
8
153
8
133
8
184
8
156
8
252
8
184
8
270
8
185
8
241
8
23
8
33
9
81
9
115
9
282
9
125
9
20
9
58
9
245
9
250
9
190
9
227
9
180
9
88
9
160
9
2
9
247
9
119
9
186
9
103
9
123
9
222
9
7
10
119
10
167
10
216
10
118
10
190
10
298
10
5
10
238
10
82
10
58
10
131
10
289
10
132
10
162
10
224
10
158
10
284
10
300
10
17
10
198
10
243
